	ggal_miRb21_bbmap_1	ggal_miRb21_bbmap_10	ggal_miRb21_bbmap_11	ggal_miRb21_bbmap_12	ggal_miRb21_bbmap_2	ggal_miRb21_bbmap_3	ggal_miRb21_bbmap_4	ggal_miRb21_bbmap_5	ggal_miRb21_bbmap_6	ggal_miRb21_bbmap_7	ggal_miRb21_bbmap_8	ggal_miRb21_bbmap_9
gga-miR-7445	0	0	0	0	0	0	0	0	0	0	0	0
gga-miR-1605	0	0	0	0	0	0	0	0	0	0	0	0
gga-miR-1712	0	0	0	0	1	1	3	0	0	0	1	0
gga-miR-6709	0	0	0	4	0	0	0	0	0	0	0	0
gga-miR-1684b	0	0	0	0	0	0	0	0	0	0	0	0
gga-miR-7457	0	0	0	0	0	0	0	0	0	0	0	0
gga-miR-1659	0	0	0	0	0	0	0	0	0	0	0	0
gga-miR-1782	2	1	3	15	3	2	7	7	0	0	2	0
gga-miR-1c	0	0	0	0	0	0	0	0	0	0	0	0
gga-miR-1700	0	0	0	0	0	0	0	0	0	0	0	0
gga-miR-1728	0	1	0	0	0	0	0	1	0	0	0	0
gga-miR-3533	4	0	1	0	4	6	2	0	1	6	3	0
gga-miR-3607	6	0	0	1	9	9	5	1	1	3	1	1
gga-miR-1777	0	0	0	0	0	0	0	0	0	0	0	0
gga-miR-1747	0	0	0	65	20	15	8	14	0	1	8	12
gga-miR-18a	10	2	13	5	12	11	11	5	4	1	8	3
gga-miR-1762	0	0	0	0	0	0	0	0	0	0	0	0
gga-miR-6585	0	0	0	0	0	0	0	0	0	0	0	0
gga-miR-1559	1913	727	2025	4465	2815	2815	4300	2756	1674	778	1857	2241
gga-miR-140	466	169	626	1108	707	859	527	582	460	109	500	484
gga-miR-1609	0	0	0	0	0	0	0	0	0	0	0	0
gga-miR-1679	0	0	0	0	0	0	0	0	0	0	0	0
gga-miR-6685	0	0	0	0	0	0	0	0	0	0	0	0
gga-miR-6579	0	0	0	0	0	0	0	0	0	0	0	0
gga-miR-6571	0	0	0	0	0	0	0	0	0	0	0	0
gga-miR-6550	0	0	0	0	0	0	0	0	0	0	0	0
gga-miR-190a	1123	252	1219	547	1388	2344	1333	1243	371	601	769	1135
gga-miR-7472	0	0	0	0	0	0	0	0	0	0	0	0
gga-miR-16c	0	0	0	0	1	0	0	0	0	0	0	0
gga-miR-1558	0	0	0	0	0	0	0	0	0	0	0	0
gga-miR-6576	0	0	0	0	0	0	0	0	0	0	0	0
gga-miR-460a	39	14	16	39	25	14	20	43	151	8	49	55
gga-miR-7475	0	0	0	0	0	0	0	0	0	0	0	0
gga-miR-1552	47	34	97	88	96	146	97	52	25	24	73	75
gga-miR-551	1	1	3	18	5	4	5	11	3	0	0	2
gga-miR-1667	1	0	0	0	0	0	0	1	1	0	2	1
gga-miR-1682	0	0	0	0	0	0	0	0	0	0	0	0
gga-miR-6578	0	0	0	0	0	0	0	0	0	0	0	0
gga-miR-1742	0	0	0	0	0	1	0	0	0	0	0	0
gga-miR-4732	2	0	0	0	0	0	0	0	0	0	0	0
gga-miR-6626	0	0	0	0	0	0	0	0	0	0	0	0
gga-miR-6611	0	0	0	0	1	1	0	0	0	0	0	0
gga-miR-1702	0	0	0	0	0	2	0	0	0	0	0	0
gga-miR-1670	1	0	0	1	0	0	0	0	0	0	0	0
gga-miR-1467	0	0	2	3	1	3	2	1	0	0	3	1
gga-miR-1720	112	67	144	551	132	388	110	102	21	50	223	317
gga-miR-2130	0	0	0	3	0	0	0	0	0	0	2	0
gga-miR-3529	19	9	9	7	28	33	18	39	10	7	9	10
gga-miR-6692	0	0	0	0	0	0	0	0	0	0	0	0
gga-miR-1462	0	0	0	1	1	0	1	0	0	0	0	0
gga-miR-1795	0	0	0	1	0	0	0	0	0	0	0	0
gga-miR-31	0	0	0	0	0	0	0	0	0	0	2	0
gga-miR-1639	0	0	0	0	0	0	0	0	0	0	0	0
gga-miR-194	7	1	2	22	3	7	11	11	12	1	1	3
gga-miR-6587	0	0	0	0	0	0	0	0	0	0	0	0
gga-let-7d	769	226	1175	2678	1458	2724	949	1621	344	237	969	1033
gga-miR-101-2	504	138	385	314	585	530	386	381	229	167	496	420
gga-miR-6582	9	4	10	13	22	10	12	15	13	2	14	10
gga-miR-30e	11571	7941	12883	12513	13668	16142	15527	10815	6475	4373	13651	8969
gga-miR-6543	0	0	0	0	0	0	0	0	0	0	0	0
gga-miR-1571	0	0	0	0	0	0	0	0	0	0	0	0
gga-miR-302b	0	0	0	0	0	0	0	0	0	0	0	0
gga-miR-155	175	242	1221	1181	697	661	1981	567	106	279	139	409
gga-miR-205b	1	0	0	0	0	2	0	0	0	0	0	0
gga-miR-1580	0	0	0	0	0	3	0	1	0	0	0	0
gga-miR-1638	0	0	0	0	0	0	0	0	0	0	0	0
gga-miR-15c	0	0	0	0	0	0	0	0	0	0	0	0
gga-miR-1663	1	8	31	23	0	24	0	30	11	3	11	22
gga-miR-1596	0	0	0	0	0	0	0	0	0	0	0	0
gga-miR-1626	0	0	0	0	0	0	0	0	0	0	0	1
gga-miR-1588	0	0	0	0	0	0	0	0	0	0	0	0
gga-miR-19a	3	2	2	0	3	0	3	2	1	1	0	1
gga-miR-1788	0	0	0	0	0	0	1	0	0	0	0	0
gga-miR-6555	3	1	11	44	8	12	8	10	3	1	6	7
gga-miR-7441	0	0	1	15	1	3	0	2	2	1	0	0
gga-miR-6662	0	0	0	0	0	1	0	0	0	0	0	0
gga-miR-193b	106	58	299	393	152	277	200	228	128	37	205	304
gga-miR-365b	0	0	0	0	0	0	0	0	0	0	0	0
gga-miR-6650	0	0	0	0	0	0	0	0	0	0	0	0
gga-miR-3532	0	0	0	0	0	0	0	0	0	0	0	0
gga-miR-6642	0	1	0	1	0	0	0	0	0	0	0	1
gga-miR-1756a	58	17	48	33	127	81	36	41	25	24	74	24
gga-miR-6616	0	0	0	0	0	0	0	0	0	0	0	0
gga-miR-101	100534	16529	44927	32870	80152	74755	48837	38237	25802	29117	81177	51372
gga-miR-21	29423	10176	35106	41735	40420	45278	71001	32041	17331	16394	27001	29832
gga-miR-1768	0	0	0	0	0	0	0	0	0	0	0	0
gga-miR-7479	0	0	0	0	0	0	0	0	0	0	0	0
gga-miR-455	52	18	43	47	61	94	39	47	35	6	34	97
gga-miR-215	0	0	0	0	0	0	0	0	0	0	0	0
gga-miR-1747	0	0	0	0	0	0	0	0	0	0	0	0
gga-miR-6560	0	0	0	0	0	0	0	0	0	0	2	0
gga-miR-6590	1	0	1	0	1	3	0	1	2	1	0	3
gga-miR-302c	0	0	0	0	0	0	0	0	0	0	0	0
gga-miR-6571	0	0	0	0	0	0	0	0	0	0	0	0
gga-miR-6603	0	0	0	0	0	0	0	0	0	0	0	0
gga-miR-6607	0	0	0	0	0	0	0	0	0	0	0	0
gga-miR-7479	0	0	0	0	0	0	0	0	0	0	0	0
gga-miR-24	28	8	12	25	17	38	9	9	4	10	24	9
gga-miR-1650	0	0	4	0	0	1	0	0	0	0	0	0
gga-miR-1806	0	0	0	1	0	0	0	0	0	0	0	0
gga-miR-3532	13	10	20	64	27	23	27	25	9	3	18	16
gga-miR-200a	22	3	6	2	14	8	9	7	53	3	23	57
gga-miR-1574	0	0	0	0	0	1	0	0	0	0	0	0
gga-miR-1467	38	9	31	7	39	32	23	11	6	20	28	34
gga-miR-449c	4	21	229	16	67	6	1	55	3	24	21	112
gga-miR-6558	0	0	0	0	0	0	0	0	0	0	0	0
gga-miR-429	0	0	0	0	0	0	0	1	1	0	0	0
gga-miR-7481	0	0	0	0	0	0	0	0	0	0	0	0
gga-miR-30d	27706	11618	41288	23654	31634	21641	35925	44421	24748	10009	35487	23071
gga-miR-1561	1	1	0	0	1	0	1	0	0	0	0	0
gga-miR-1608	0	0	0	0	0	1	0	0	0	0	1	0
gga-miR-1789	1	0	0	2	0	0	1	1	0	0	2	0
gga-miR-1730	0	0	0	0	0	0	0	0	0	0	0	0
gga-miR-1457	1	0	3	3	1	4	0	0	0	0	1	0
gga-miR-6557	0	0	0	0	0	0	0	0	0	0	0	0
gga-miR-1644	0	0	0	0	0	0	0	0	0	0	0	0
gga-miR-1772	6	1	2	21	7	11	10	4	1	2	5	4
gga-miR-18b	5	1	11	15	6	17	19	10	5	3	8	4
gga-miR-1743	1	0	1	2	2	0	1	0	0	0	0	1
gga-miR-7438	0	0	0	0	0	0	0	0	0	0	0	0
gga-miR-1701	0	0	0	0	0	0	0	0	0	0	0	0
gga-miR-199b	0	0	0	0	0	0	0	0	0	0	0	0
gga-miR-6658	0	0	0	0	0	0	0	0	0	0	0	0
gga-miR-99a	44621	14838	44880	125342	69157	55963	35954	57937	27195	9311	43807	55360
gga-miR-6649	4	1	3	2	0	3	0	1	2	1	2	2
gga-miR-137	0	0	3	10	3	3	3	1	2	0	1	2
gga-miR-365-1	0	0	0	0	0	0	0	0	0	0	0	0
gga-miR-1596	0	0	2	1	4	5	2	3	1	0	6	1
gga-miR-6686	0	0	0	0	0	0	0	0	0	0	0	0
gga-miR-1776	0	0	0	0	0	0	0	0	0	0	0	0
gga-miR-1553	0	0	0	1	0	1	0	4	1	0	0	0
gga-miR-6599	0	0	0	1	2	3	2	0	0	0	0	6
gga-miR-7471	0	0	0	0	0	0	0	0	0	0	0	0
gga-miR-1649	1	0	0	0	0	0	0	0	0	0	0	0
gga-miR-148a	2	2	11	2	2	5	7	11	10	6	7	13
gga-miR-146b	915	1226	2506	9472	1798	2880	6404	2646	1522	1289	996	1521
gga-miR-1691	0	0	0	11	0	0	0	0	0	0	0	0
gga-miR-6542	0	0	0	0	0	0	0	0	0	0	0	0
gga-miR-6553	3	0	0	0	1	2	1	2	2	0	2	4
gga-miR-6569	0	0	0	0	0	0	0	0	0	0	0	0
gga-miR-1763	0	0	0	0	0	0	0	0	0	0	0	0
gga-miR-7464	0	0	0	0	0	0	0	0	0	0	0	0
gga-miR-6550	0	0	0	0	0	0	0	0	1	0	0	0
gga-miR-6589	0	0	0	0	0	0	0	0	0	0	0	0
gga-miR-100	0	0	0	0	0	1	0	0	0	0	1	0
gga-miR-6631	3	1	7	15	6	11	13	5	1	2	5	4
gga-miR-20a	235	88	164	168	308	311	457	176	159	92	183	184
gga-miR-1703	0	0	0	0	0	0	0	0	0	0	0	0
gga-miR-130c	0	0	0	0	0	1	0	0	0	0	0	0
gga-miR-1591	0	0	0	0	0	0	0	0	0	0	0	0
gga-miR-18a	17246	4384	13591	22430	19554	22783	21983	18265	10579	6043	16514	14134
gga-miR-6698	0	0	1	8	4	4	2	1	3	0	1	1
gga-miR-1727	0	0	0	4	0	1	2	1	2	1	1	2
gga-miR-1567	0	0	0	0	0	0	0	0	0	0	0	0
gga-miR-1798	0	0	1	0	0	0	1	0	0	0	0	0
gga-miR-7474	0	0	0	0	0	0	0	0	0	0	0	0
gga-miR-6652	0	0	0	0	0	0	0	0	0	0	0	0
gga-miR-1668	15	4	3	6	8	9	9	13	2	2	2	1
gga-miR-1612	0	0	0	0	0	0	0	0	0	0	0	0
gga-miR-7459	0	0	0	0	0	0	0	0	0	0	0	0
gga-miR-1729	1207	440	689	869	2145	1191	1230	910	718	645	1362	553
gga-miR-6656	0	0	0	1	0	1	0	0	0	0	0	0
gga-miR-6544	0	1	1	1	1	2	1	0	1	0	0	2
gga-miR-199	5338	800	2201	3021	6369	4513	2867	3815	2914	1333	4294	2424
gga-miR-6697	0	0	0	0	0	0	0	0	0	0	0	0
gga-miR-1619	0	0	0	0	0	0	0	0	0	0	0	0
gga-miR-6564	0	0	0	0	0	0	0	0	0	0	0	0
gga-miR-6565	0	0	0	0	0	0	0	0	0	0	0	0
gga-miR-130a	0	0	1	1	1	0	2	0	0	0	0	0
gga-miR-19b	33	24	61	125	52	48	110	66	46	3	15	46
gga-miR-1550	1	0	5	3	6	1	0	0	3	1	2	1
gga-miR-7448	0	0	0	0	0	0	0	0	0	0	0	0
gga-let-7g	49	17	29	40	88	87	34	40	15	8	38	30
gga-miR-153	3690	684	1923	3627	2912	2271	3550	3215	1945	578	1129	2377
gga-miR-1604	0	0	0	1	0	1	0	0	0	0	0	0
gga-miR-1773	0	0	0	0	0	0	0	0	0	0	0	0
gga-miR-122b	0	0	0	0	0	0	0	0	0	0	0	0
gga-miR-199	5516	2417	4661	9088	6792	5028	7346	7061	7010	1938	6213	4363
gga-let-7c	29	20	37	52	47	103	33	22	9	11	73	38
gga-miR-6553	0	0	0	3	1	2	2	0	0	0	1	0
gga-miR-1647	0	0	1	0	0	0	0	0	0	0	0	0
gga-miR-6685	1	1	1	1	0	2	2	0	2	0	1	1
gga-miR-7b	1	5	26	16	1	2	26	28	0	0	0	26
gga-miR-1703	0	0	0	0	0	3	0	0	0	0	0	0
gga-miR-1651	2	2	1	5	5	7	4	3	2	0	0	1
gga-miR-6565	2	0	2	0	9	5	3	1	2	2	3	2
gga-miR-124c	0	0	0	0	0	0	0	0	0	0	1	0
gga-miR-1576	0	0	0	0	0	0	0	0	2	0	1	0
gga-miR-7460	3	0	0	1	0	2	0	0	0	0	3	0
gga-miR-429	21	9	20	11	46	10	28	11	30	18	23	45
gga-miR-6516	19	9	13	13	30	20	17	10	6	3	17	20
gga-miR-1667	0	0	0	0	0	0	0	0	0	0	0	0
gga-miR-6544	2	0	1	1	1	1	0	2	0	0	0	1
gga-miR-6561	0	0	0	0	0	0	0	0	0	0	0	0
gga-miR-1709	0	0	0	0	0	0	0	0	0	0	0	0
gga-miR-6610	0	0	0	0	0	0	0	2	0	0	1	0
gga-miR-466	0	0	0	0	2	0	0	1	0	0	0	0
gga-miR-20b	13	6	6	9	15	8	13	9	2	2	3	7
gga-miR-222b	13	8	24	28	24	30	49	10	3	14	9	6
gga-miR-1792	0	0	0	0	0	0	0	0	0	0	0	0
gga-miR-6578	0	0	0	0	0	0	0	0	0	0	0	0
gga-miR-1754	3	1	1	5	5	2	3	0	2	1	2	1
gga-miR-458b	0	0	0	0	0	0	0	0	0	0	0	0
gga-miR-1583	1	0	0	0	0	0	0	0	0	0	0	0
gga-miR-6646	0	0	0	0	0	0	0	0	0	0	0	0
gga-miR-193a	19	6	26	13	25	35	38	19	24	19	50	31
gga-miR-1562	0	0	0	0	0	0	0	0	0	0	0	0
gga-miR-1570	0	0	0	0	0	0	0	0	0	0	0	0
gga-miR-106	486	416	1552	1429	750	815	1892	1368	901	424	856	1094
gga-miR-1804	0	0	0	0	0	0	0	0	0	0	0	0
gga-miR-1551	0	0	0	0	0	0	0	0	0	0	0	0
gga-miR-20a	24317	12366	46726	26916	31210	39283	36037	31927	14819	15178	33479	41789
gga-miR-7476	0	0	0	0	0	0	0	0	0	0	0	0
gga-miR-7461	0	0	0	0	0	0	0	0	0	0	0	0
gga-miR-1689	0	0	0	1	0	1	1	0	0	0	0	0
gga-miR-1434	18	7	14	9	25	27	9	13	4	4	18	5
gga-miR-7455	0	0	0	0	0	0	0	0	0	0	0	0
gga-miR-383	27	10	19	22	35	33	15	31	10	5	33	15
gga-miR-1684a	4	0	3	0	0	3	5	1	0	0	3	0
gga-miR-1755	0	0	0	0	0	0	0	0	0	0	0	0
gga-miR-1731	2	1	2	4	2	3	2	5	0	0	0	2
gga-miR-1655	2	1	0	1	0	1	0	0	0	0	1	0
gga-miR-1458	0	0	1	0	0	0	0	0	0	0	0	0
gga-miR-6592	0	0	0	0	0	0	0	1	0	0	0	0
gga-miR-204	0	0	0	0	0	0	0	0	0	0	0	0
gga-miR-6653	0	0	0	0	0	0	0	0	0	0	0	0
gga-miR-1655	10	3	4	23	5	1	15	11	6	2	8	9
gga-miR-449c	0	1	14	1	2	1	0	3	0	0	2	6
gga-miR-1574	0	0	7	5	7	2	4	1	0	1	2	1
gga-miR-1749	0	0	0	0	0	0	0	0	0	0	0	0
gga-miR-6643	0	0	0	0	0	0	0	0	1	0	0	0
gga-miR-6613	2	0	0	1	0	1	0	0	1	3	0	0
gga-miR-1722	1	0	0	0	1	0	0	0	0	0	0	0
gga-miR-6602	0	0	0	2	0	0	1	0	0	0	0	0
gga-miR-1688	0	0	0	1	0	1	1	0	0	0	0	0
gga-miR-7461	0	0	0	0	0	0	0	0	0	0	0	0
gga-miR-15c	0	0	0	0	1	0	1	0	0	0	0	0
gga-miR-7483	0	0	0	0	0	0	0	0	0	0	1	0
gga-miR-1689	0	0	0	0	0	0	0	0	0	0	0	0
gga-miR-7443	0	0	0	0	0	0	0	0	0	0	0	0
gga-miR-6684	0	0	0	0	0	0	0	0	0	0	0	0
gga-miR-1733	0	0	0	0	0	0	0	0	0	0	0	0
gga-miR-1814	0	0	0	0	0	0	0	0	0	0	0	0
gga-miR-148a	19208	4439	9039	16689	18105	11860	18935	17338	13630	3463	12960	8499
gga-miR-365	20	5	15	10	19	40	9	4	7	1	1	11
gga-miR-1698	0	0	0	0	0	0	0	0	0	0	0	0
gga-miR-7446	0	0	0	0	0	0	0	0	0	0	0	0
gga-miR-1664	13	3	12	30	3	5	13	4	5	4	5	12
gga-miR-1720	685	204	759	480	737	1413	446	445	144	123	422	790
gga-miR-1627	0	0	0	0	0	0	0	0	0	0	0	0
gga-miR-6563	0	0	0	0	0	0	0	0	0	0	0	0
gga-miR-6562	0	0	0	0	0	0	0	0	0	0	0	0
gga-miR-7474	0	0	0	0	1	1	0	0	1	0	0	0
gga-miR-130a	2994	1901	5931	7481	2841	4310	7818	7293	5566	1722	2955	4100
gga-miR-34c	260	5336	6137	592	37883	94	452	19421	193	6347	91	4387
gga-miR-6655	0	0	0	0	0	0	0	1	0	0	0	0
gga-miR-34b	100	3255	4785	471	12908	43	152	7624	56	4574	54	3139
gga-miR-1715	0	0	0	0	0	0	0	0	0	0	0	0
gga-miR-107	30	6	28	8	23	31	19	25	6	8	26	30
gga-miR-1627	0	0	0	0	0	0	0	0	0	0	0	0
gga-miR-1798	0	0	0	0	0	0	0	0	0	0	0	0
gga-miR-30b	52981	14397	26455	20602	44812	48473	30378	25069	14437	13846	35887	22609
gga-miR-1661	0	0	0	0	0	0	0	0	0	0	0	0
gga-miR-34a	3269	3448	5657	4639	8382	7655	3878	4725	1463	2402	3205	3260
gga-miR-10b	0	1	0	1	0	0	1	0	0	0	0	0
gga-miR-7447	0	0	0	0	0	0	0	0	0	0	0	0
gga-miR-7467	0	0	1	4	1	4	0	0	0	0	1	0
gga-miR-6566	0	0	1	1	0	0	0	0	0	0	2	0
gga-miR-1577	0	0	0	0	0	0	0	0	0	0	0	0
gga-miR-1748	0	0	0	0	0	0	0	0	0	0	0	0
gga-miR-6576	0	0	0	0	0	0	0	0	0	0	0	0
gga-miR-1750	0	0	0	0	0	0	0	0	0	0	0	0
gga-miR-6614	0	1	0	0	0	0	0	1	0	0	0	0
gga-miR-6710	0	0	1	6	0	1	4	0	0	0	1	4
gga-miR-1620	0	0	0	0	0	0	0	0	0	0	0	0
gga-miR-3538	15	0	3	8	7	4	8	10	9	4	15	7
gga-miR-6551	0	0	0	0	0	0	0	0	0	0	0	0
gga-miR-1668	0	0	0	0	0	0	0	0	0	0	0	0
gga-miR-6588	0	0	0	0	0	0	0	0	0	0	0	0
gga-miR-1740	2	0	1	1	1	2	3	1	0	0	0	2
gga-miR-1462	0	0	0	0	0	0	0	0	0	0	0	0
gga-miR-1719	0	0	0	0	0	0	0	0	0	0	0	0
gga-miR-1816	0	0	0	0	0	0	0	0	0	0	0	0
gga-miR-1731	2	1	1	6	2	3	4	5	2	0	5	1
gga-miR-6575	0	0	0	0	1	0	0	0	0	0	2	0
gga-miR-1555	0	0	2	8	3	0	2	6	3	0	1	2
gga-miR-1729	12	2	7	7	20	13	11	8	1	2	12	6
gga-miR-1715	0	0	0	0	0	0	0	0	0	0	0	0
gga-miR-1788	6	0	3	0	0	4	5	3	0	1	8	6
gga-miR-1769	0	0	6	10	0	6	6	7	0	0	0	1
gga-miR-1607	0	0	0	0	0	0	0	0	0	0	0	0
gga-miR-489	17	1	19	16	10	10	7	12	13	6	1	8
gga-miR-7475	0	0	0	0	0	0	0	0	0	0	0	0
gga-miR-144	154	63	166	342	304	230	148	167	156	84	244	119
gga-miR-1632	0	0	0	0	0	0	0	0	0	0	0	0
gga-miR-6600	0	0	0	0	0	0	0	0	0	0	0	0
gga-miR-1460	0	0	0	0	0	0	0	0	0	0	0	0
gga-miR-29c	0	0	0	0	0	0	0	0	0	0	0	0
gga-miR-7442	1	0	0	0	2	0	0	0	0	0	0	0
gga-miR-449b	1	2	28	8	8	2	2	4	2	4	2	20
gga-miR-302d	0	0	0	1	0	0	0	0	0	0	0	0
gga-miR-190a	41	7	42	17	54	60	42	39	13	36	38	37
gga-miR-1753	0	0	0	0	1	0	0	0	0	0	0	0
gga-miR-216b	4	3	31	35	3	15	35	10	7	11	5	14
gga-miR-30a	10002	6129	13323	9924	16137	13384	10143	11237	5965	5234	12125	8267
gga-miR-6563	0	0	0	0	0	0	0	0	0	0	0	0
gga-miR-1653	0	0	0	2	0	0	1	0	1	0	0	0
gga-miR-1779	0	0	0	0	1	1	3	0	0	0	0	3
gga-miR-6582	6	7	4	25	11	13	5	7	1	3	7	4
gga-let-7g	26355	3771	14140	14996	28608	21080	15914	16720	8628	5365	10360	15128
gga-miR-6707	0	0	0	0	0	0	0	0	0	0	0	0
gga-miR-6649	0	0	2	2	0	3	0	0	0	0	1	0
gga-miR-1416	3	0	1	6	2	0	0	6	1	1	2	0
gga-miR-1783	0	0	0	0	0	0	0	0	0	0	0	0
gga-miR-1676	0	0	0	0	0	0	0	0	0	0	1	0
gga-let-7i	14932	1610	4790	4873	10873	9492	6557	6176	3798	2379	6159	4902
gga-miR-30e	16	7	31	20	34	18	22	26	10	7	8	23
gga-miR-1601	0	0	0	0	0	1	0	0	0	0	0	0
gga-miR-1710	0	0	0	1	5	1	1	3	0	0	1	4
gga-miR-1764	0	0	0	0	0	0	0	0	0	0	0	0
gga-miR-6617	0	0	0	0	0	0	0	0	0	0	0	0
gga-miR-1774	2	0	0	0	0	0	0	1	0	0	1	0
gga-miR-6689	0	0	0	2	1	5	2	0	0	0	1	0
gga-miR-200b	25	9	20	6	13	18	12	15	82	8	48	93
gga-miR-6677	0	0	0	2	0	0	1	0	0	0	0	0
gga-miR-27b	4233	695	1542	2487	3624	3210	2127	1585	1284	779	1814	1325
gga-miR-1674	0	0	0	0	0	0	0	0	0	0	0	0
gga-miR-153	0	0	0	0	1	0	0	0	0	0	0	0
gga-miR-1738	0	0	1	1	0	0	2	0	0	1	0	2
gga-miR-1621	0	0	0	0	0	0	0	0	0	0	0	1
gga-miR-6661	0	0	0	1	0	0	0	1	0	0	0	0
gga-miR-1593	0	0	0	0	0	0	0	0	0	0	0	0
gga-miR-3064	0	0	0	0	0	0	0	0	0	0	0	0
gga-miR-7476	0	1	0	0	0	0	0	0	0	0	0	0
gga-miR-1465	0	0	1	0	0	1	0	0	0	0	0	0
gga-miR-302c	0	0	0	0	0	0	0	0	0	0	0	0
gga-miR-1354	0	0	0	0	0	0	0	0	0	0	0	0
gga-miR-383	318	114	369	446	621	808	302	472	115	101	393	295
gga-let-7a-2	98	31	123	215	126	263	115	110	41	26	145	116
gga-miR-1808	0	0	0	0	0	0	0	0	0	0	0	0
gga-miR-1597	0	0	0	0	0	0	0	0	0	0	0	0
gga-miR-133b	0	0	0	0	0	0	0	0	1	0	0	0
gga-miR-1582	0	0	0	0	0	0	0	0	0	0	0	0
gga-miR-6712	0	0	0	0	0	0	0	0	0	0	0	0
gga-miR-1621	0	0	0	0	0	0	0	0	0	0	0	0
gga-miR-7470	0	0	0	0	0	0	0	0	0	0	0	0
gga-miR-135a	4291	209	1395	1955	3672	2964	2657	3140	2638	23	44	972
gga-miR-133c	5	1	0	4	5	0	4	7	72	0	5	2
gga-miR-1687	0	0	1	1	0	0	0	0	0	0	0	1
gga-miR-6690	0	0	0	0	0	0	0	0	0	0	0	0
gga-miR-1722	0	0	0	0	1	1	0	0	0	0	0	0
gga-miR-6673	0	0	0	0	0	0	0	0	0	0	0	0
gga-miR-1629	0	0	0	0	0	0	0	0	0	0	0	0
gga-miR-6543	0	0	0	1	0	0	3	2	0	0	0	0
gga-miR-10b	208	61	244	234	215	160	316	329	290	66	91	234
gga-miR-1690	0	0	0	0	0	0	0	0	0	0	0	0
gga-miR-3539	0	0	0	0	0	1	0	0	0	0	0	1
gga-miR-1451	3295	1029	3784	10943	4666	5245	4365	4038	2186	1126	4179	4241
gga-miR-367	0	0	0	0	0	0	0	0	0	0	0	0
gga-miR-460b	229	79	246	140	332	179	215	174	95	76	155	123
gga-miR-34a	51	25	105	63	156	190	76	87	23	52	83	84
gga-miR-1614	0	0	0	0	0	0	0	0	0	0	0	0
gga-miR-3528	0	0	0	6	5	2	1	0	0	1	1	0
gga-miR-6683	0	0	0	0	0	0	0	0	0	0	0	0
gga-miR-1329	3	3	6	8	9	11	9	11	7	5	9	3
gga-miR-1606	0	0	0	0	0	0	0	0	0	0	0	0
gga-miR-1794	0	0	0	0	0	2	0	0	0	0	0	0
gga-miR-7458	0	0	0	0	0	0	0	0	0	0	0	0
gga-miR-122	1	0	3	1	1	1	0	0	1	0	3	1
gga-miR-1745	0	1	0	0	0	1	0	0	0	0	0	1
gga-miR-6554	0	0	0	0	0	0	0	0	0	0	0	0
gga-miR-1812	0	0	0	0	0	0	2	0	0	0	1	0
gga-miR-1725	0	0	1	0	0	1	0	1	0	0	1	1
gga-miR-2128	8	2	4	9	8	7	0	5	5	1	2	2
gga-miR-1662	197	76	210	178	339	194	178	123	95	91	107	159
gga-miR-6693	0	0	0	0	0	0	0	0	0	0	0	0
gga-miR-7449	0	0	0	0	0	1	0	0	0	0	0	0
gga-miR-1732	0	0	0	0	0	0	0	0	0	0	0	0
gga-miR-6542	0	0	0	1	2	0	0	0	1	0	0	0
gga-miR-6635	0	0	0	0	0	0	0	0	0	0	0	0
gga-miR-1752	0	0	0	0	0	0	0	0	0	0	0	0
gga-miR-135a-3	15	3	5	120	29	61	58	43	34	3	12	21
gga-miR-1645	0	0	0	0	0	0	0	0	0	0	0	0
gga-miR-6555	0	1	8	4	1	2	3	0	2	0	4	0
gga-miR-1813	0	0	0	0	0	0	0	2	0	1	0	1
gga-miR-29c	1	0	0	0	0	0	0	0	0	1	0	0
gga-miR-1751	0	0	1	1	0	0	0	0	0	0	0	0
gga-miR-6665	0	0	0	0	0	0	0	0	0	0	0	0
gga-miR-454	8162	2350	7408	16673	10189	11271	8168	10448	4608	1854	4364	6618
gga-miR-3524a	3	2	2	13	2	6	8	1	0	0	2	1
gga-miR-7442	0	0	1	2	0	0	1	0	0	0	0	0
gga-let-7j	740	284	957	1228	1324	2859	640	704	211	369	1034	886
gga-miR-6634	0	0	0	0	0	0	0	0	0	0	0	0
gga-miR-7450	0	0	0	0	0	0	0	0	0	0	0	0
gga-miR-30c	65356	29812	61429	85179	76009	92843	58156	50844	26347	16281	53833	50909
gga-miR-6666	0	0	0	0	1	0	0	0	0	0	0	0
gga-miR-7469	0	0	0	0	0	0	0	0	0	0	0	0
gga-miR-1699	0	0	0	0	0	0	1	0	0	0	0	0
gga-miR-124a	69645	24423	105015	137576	67714	140031	66909	67356	37575	21996	105025	97135
gga-miR-128-2	0	0	0	0	0	0	0	0	0	0	0	0
gga-miR-3607	2	0	0	1	3	5	8	2	3	1	3	1
gga-miR-6680	0	0	0	0	0	0	0	0	0	1	0	0
gga-miR-1556	0	0	0	0	0	4	0	0	0	0	0	0
gga-miR-6552	0	0	0	9	20	0	0	0	2	0	0	4
gga-miR-19a	22514	9266	26574	21579	23881	28943	27434	21765	12168	2219	4455	26255
gga-miR-1560	9	7	22	43	9	28	21	15	3	5	13	14
gga-miR-1594	0	0	0	0	0	0	0	0	0	0	0	0
gga-miR-7470	0	0	0	0	0	0	0	0	0	0	0	0
gga-miR-181a	422	216	494	812	502	492	414	301	186	64	229	475
gga-miR-6675	11	5	1	18	5	17	13	9	3	0	6	5
gga-miR-3523	40	11	49	92	79	104	25	59	22	6	33	49
gga-miR-6691	0	0	0	0	0	0	0	0	0	0	0	0
gga-miR-29b	6528	4112	12918	11385	7790	12081	9842	5873	2227	2741	7963	16734
gga-miR-7477	0	0	0	0	0	0	0	0	0	0	0	0
gga-miR-301b	74	23	83	109	135	143	78	62	34	27	94	72
gga-miR-365-2	0	0	0	2	0	0	2	1	0	0	0	3
gga-miR-1669	0	0	0	1	0	0	0	2	0	0	0	0
gga-miR-6548	1	0	0	2	4	4	5	3	1	0	0	0
gga-miR-7477	0	0	0	0	0	0	1	0	0	0	0	0
gga-miR-181b	4070	1368	5595	8128	4662	6350	3228	4723	1647	1042	3688	5244
gga-miR-137	385	144	176	442	542	821	382	386	223	140	505	385
gga-miR-1613	3	2	1	2	8	10	3	2	1	0	9	6
gga-miR-1625	0	0	0	0	0	0	0	0	0	0	0	0
gga-miR-6567	0	0	0	0	0	0	0	0	0	0	0	0
gga-miR-6706	0	0	0	0	0	0	0	0	0	0	1	0
gga-miR-1557	0	0	0	0	0	0	0	0	0	0	0	0
gga-miR-7462	0	0	0	0	1	5	4	2	1	0	0	0
gga-miR-216a	11	1	6	1	5	7	16	8	2	2	8	2
gga-miR-6615	1	0	0	0	1	0	0	1	0	0	1	2
gga-miR-6642	0	0	0	0	0	0	0	0	0	0	0	0
gga-let-7k	16184	3499	15682	16968	19858	24222	10536	12501	4849	4084	8260	13378
gga-miR-1744	0	0	0	0	0	0	0	0	0	0	0	0
gga-miR-205a	13	13	45	33	18	127	20	28	27	20	59	98
gga-miR-375	2565	440	1380	964	2520	1163	1320	1539	792	207	1496	3109
gga-miR-184	0	0	0	0	0	0	0	0	0	0	0	0
gga-miR-130b	316	98	408	553	394	511	287	264	111	85	207	255
gga-miR-1675	0	0	0	0	0	0	0	0	0	0	0	0
gga-miR-218	97210	24853	57584	92645	115871	112478	59975	76112	32215	23445	71642	51306
gga-miR-449b	0	0	0	0	1	0	0	0	0	0	0	1
gga-miR-200a	1	0	0	0	0	0	1	0	3	0	2	0
gga-miR-1555	0	0	1	0	1	0	2	1	0	0	0	1
gga-miR-146c	9260	5676	28991	85717	18450	40643	32054	40812	16912	5461	15922	21039
gga-miR-7482	0	0	0	0	0	0	0	0	0	0	0	0
gga-miR-1634	0	0	0	0	0	0	0	0	0	0	0	0
gga-miR-9	22127	3555	19555	12342	17295	26559	11976	11193	6133	7202	10129	14561
gga-miR-1685	0	0	0	0	2	2	1	1	1	0	0	2
gga-miR-1739	0	0	0	0	0	0	0	0	1	0	0	0
gga-miR-7445	0	0	0	0	0	0	0	0	0	0	0	0
gga-miR-6574	0	0	0	0	0	0	0	0	0	0	0	0
gga-miR-6547	0	0	0	0	0	0	0	0	0	0	0	0
gga-miR-6577	0	0	0	0	0	0	0	0	0	0	0	0
gga-miR-6552	0	0	0	2	2	0	0	0	1	0	0	1
gga-miR-196	5	3	1	15	2	1	4	7	2	1	1	1
gga-miR-34c	32	1127	1522	610	4618	8	55	3428	41	1320	21	1026
gga-miR-1564	0	0	0	2	0	0	0	0	0	0	0	0
gga-miR-146c	725	183	294	300	715	639	387	230	109	168	364	333
gga-miR-460a	86	52	70	320	57	55	116	204	782	22	179	139
gga-miR-1456	0	0	0	1	2	0	0	0	0	0	0	0
gga-miR-7437	0	0	0	0	0	0	0	0	0	0	0	0
gga-miR-130c	3775	4481	10994	12495	4971	5894	7540	7267	4178	1673	4458	9529
gga-miR-1760	0	0	0	0	0	0	0	0	0	0	0	0
gga-miR-1652	0	0	0	0	0	0	0	0	0	0	0	0
gga-miR-1778	0	0	0	3	0	0	0	0	0	0	0	0
gga-miR-1592	0	0	0	0	0	3	0	0	2	0	0	1
gga-let-7j	0	0	0	0	0	0	0	0	0	0	0	0
gga-miR-1807	0	0	0	0	0	0	0	0	0	0	0	0
gga-miR-1642	0	0	0	1	0	0	0	0	0	0	0	0
gga-miR-7463	0	0	0	1	0	1	0	1	0	0	0	0
gga-miR-7469	0	0	0	0	0	0	0	0	0	0	0	0
gga-miR-6572	0	0	0	0	0	0	0	0	0	0	0	0
gga-miR-1713	0	0	0	0	0	0	0	0	0	0	0	0
gga-miR-6546	0	0	0	0	0	0	0	0	0	0	0	0
gga-miR-1723	2	0	0	0	0	1	0	3	0	0	0	1
gga-miR-7464	0	0	0	0	0	0	0	0	0	0	0	0
gga-miR-6696	0	0	1	0	0	0	0	0	0	0	0	0
gga-miR-7480	0	0	0	0	0	0	0	0	0	0	0	0
gga-miR-124b	31	9	67	65	34	93	33	38	22	11	59	61
gga-miR-140	2	0	1	3	1	1	3	5	0	0	1	0
gga-miR-200b	0	0	0	0	0	0	0	0	0	0	0	0
gga-miR-202	0	0	0	0	0	0	0	0	0	0	0	1
gga-miR-6713	0	0	0	0	0	0	0	0	0	0	0	0
gga-miR-15b	9402	2189	5258	3669	11563	8452	8961	4496	2640	3569	7376	4782
gga-miR-489	0	0	0	0	0	0	0	2	0	3	0	0
gga-miR-1628	0	0	0	2	0	0	1	2	0	0	0	0
gga-miR-2129	0	0	0	0	0	0	0	0	0	0	0	0
gga-miR-1565	0	0	0	0	0	0	0	0	0	0	0	0
gga-miR-7466	0	0	0	0	0	0	0	0	0	0	0	0
gga-miR-1648	0	0	0	0	0	0	0	0	0	0	0	0
gga-miR-6595	0	0	0	0	0	0	0	0	0	0	0	0
gga-miR-34b	35	682	536	18	2703	7	25	836	9	567	7	467
gga-miR-1696	0	0	0	0	0	0	0	2	0	0	0	0
gga-miR-1767	0	0	0	0	0	0	0	0	0	0	0	0
gga-miR-6583	2	2	2	9	0	1	0	0	1	0	2	0
gga-miR-6632	0	0	0	0	0	0	0	0	0	0	0	0
gga-miR-126	22111	4630	14793	18098	27365	20995	17052	19601	10439	928	3820	12556
gga-miR-460b	29	12	45	64	70	45	28	51	30	9	31	45
gga-miR-1564	0	0	0	0	0	0	0	3	0	0	0	0
gga-miR-1595	0	0	0	0	0	0	0	0	0	0	0	0
gga-miR-1712	0	0	0	0	0	0	0	0	0	0	0	0
gga-miR-2954	14614	380	2770	8219	26947	23357	4130	9201	27795	6689	30529	3426
gga-miR-1664	2	1	0	5	3	0	1	1	1	0	2	1
gga-miR-1597	0	0	0	1	0	0	1	0	0	0	0	0
gga-miR-1686	0	0	0	0	0	0	0	0	0	0	0	0
gga-miR-6702	0	0	0	0	0	0	0	0	0	0	0	0
gga-miR-6568	0	0	0	0	0	0	0	0	0	0	0	0
gga-miR-1397	254	38	194	298	272	271	155	222	78	57	166	240
gga-miR-1740	3	1	2	3	5	7	4	0	1	1	5	0
gga-miR-458b	0	0	0	0	0	0	0	0	0	0	0	0
gga-miR-6551	0	0	0	0	0	0	0	0	0	0	0	0
gga-miR-6570	0	0	0	0	0	0	1	0	0	0	0	0
gga-miR-1630	0	0	0	0	0	0	0	0	0	0	0	0
gga-miR-1559	7	1	6	34	8	8	12	3	3	1	5	1
gga-miR-1550	0	0	0	0	0	0	0	0	0	0	0	0
gga-miR-1771	0	0	0	0	0	0	0	0	0	0	0	0
gga-miR-6596	0	0	0	0	0	0	0	0	0	0	0	0
gga-miR-1800	0	0	0	0	0	0	1	0	0	0	0	0
gga-miR-138-2	0	0	1	0	0	0	0	0	0	1	0	0
gga-miR-128-1	8	3	10	59	4	7	14	12	4	2	5	19
gga-miR-10a	0	0	0	0	0	0	0	0	0	0	0	0
gga-miR-1584	0	0	0	0	0	0	0	0	0	0	0	0
gga-miR-1463	0	0	0	0	0	0	0	0	0	0	0	0
gga-miR-1569	0	0	0	0	0	0	0	0	0	0	0	0
gga-miR-6593	0	0	0	0	0	0	0	0	0	0	0	0
gga-miR-6556	0	0	0	0	0	0	0	3	0	0	0	2
gga-miR-449a	31	79	1141	38	476	19	11	504	10	237	106	477
gga-miR-30b	0	0	0	0	1	0	0	0	0	0	0	0
gga-miR-1a	545	91	333	602	758	665	286	452	1681	93	359	326
gga-miR-1575	0	0	0	0	0	0	0	0	0	0	0	0
gga-miR-6562	0	0	0	0	0	0	0	0	0	0	0	0
gga-miR-193b	0	0	0	0	0	0	0	0	0	0	0	0
gga-miR-6670	0	0	0	0	0	0	0	0	0	0	0	0
gga-miR-7482	0	0	0	0	0	0	0	0	0	0	0	0
gga-miR-6696	0	0	0	0	0	0	0	0	0	0	0	0
gga-miR-1724	4	1	6	12	0	6	4	2	0	1	4	6
gga-miR-211	0	0	0	0	0	0	0	0	0	0	0	0
gga-miR-124c	2	0	1	12	6	15	1	2	1	0	0	1
gga-miR-122	106	20	54	95	177	168	70	74	43	23	57	65
gga-miR-203a	43	19	44	75	40	41	77	83	67	5	26	60
gga-miR-3531	0	1	2	2	1	2	0	2	2	0	2	1
gga-miR-1684a	7	1	0	0	2	9	5	4	2	3	3	0
gga-miR-6559	0	0	0	0	1	0	0	2	0	1	0	0
gga-miR-6570	0	0	0	0	0	0	0	0	0	0	0	0
gga-miR-100	40	2	26	31	26	37	25	11	9	13	25	19
gga-miR-7473	0	0	0	0	0	0	0	0	0	0	0	0
gga-miR-1617	0	0	0	0	0	0	0	0	0	0	0	0
gga-miR-1845	0	0	0	0	0	0	0	0	0	0	0	0
gga-miR-7439	0	0	0	0	0	0	0	0	0	0	0	0
gga-miR-6674	0	0	0	0	0	0	0	0	0	0	0	0
gga-miR-1b	38	3	23	40	27	50	23	22	42	6	24	18
gga-miR-99a	2614	849	2562	2258	2923	3665	2507	2183	930	563	2165	1696
gga-miR-6561	0	0	0	0	0	0	0	0	0	0	0	0
gga-miR-1687	0	0	0	0	0	0	0	0	0	0	0	0
gga-miR-32	5321	952	2094	3748	3740	3492	4064	2723	2186	950	1887	2233
gga-miR-6681	0	0	0	0	1	0	0	0	0	0	0	1
gga-miR-16c	28788	8527	24260	80502	41057	43776	40427	39901	20589	8193	27104	25556
gga-miR-1706	1	0	0	1	1	1	0	1	0	0	0	1
gga-miR-1781	0	0	0	2	0	0	1	0	0	0	2	0
gga-miR-1677	35	14	44	44	51	47	32	26	19	13	22	28
gga-miR-6654	0	0	0	0	0	0	0	0	0	0	0	0
gga-miR-7465	30	3	29	16	29	72	21	18	5	14	33	7
gga-miR-1741	0	0	0	0	0	0	0	0	0	0	0	0
gga-miR-6545	0	0	0	0	0	0	0	0	0	0	0	0
gga-miR-1632	0	0	0	0	0	0	0	0	0	0	0	0
gga-miR-1799	0	3	0	3	2	1	1	0	0	0	2	0
gga-miR-762	0	0	0	0	0	0	0	0	0	0	0	0
gga-miR-1635	0	0	0	0	0	0	0	0	0	0	0	0
gga-miR-6559	0	0	0	0	0	0	0	0	0	0	0	0
gga-miR-6664	0	1	0	1	0	0	0	0	0	0	1	0
gga-miR-7449	0	0	0	2	2	0	0	0	0	0	0	0
gga-miR-499	5	0	3	0	2	3	2	0	13	1	2	0
gga-miR-6694	0	0	0	0	0	0	0	0	0	0	0	0
gga-miR-1680	0	0	0	0	0	0	0	0	0	0	0	0
gga-miR-1554	0	0	0	0	0	0	0	0	0	0	0	0
gga-miR-1785	1	2	1	1	1	1	0	1	1	0	0	2
gga-miR-1734	53	8	10	27	46	55	70	19	42	6	7	19
gga-miR-6549	0	0	0	0	0	0	0	0	0	0	0	0
gga-miR-1749	0	0	0	0	0	0	0	0	0	0	0	0
gga-miR-6608	0	0	0	0	0	0	0	0	0	0	0	0
gga-miR-1603	2	0	1	4	1	0	0	0	0	0	0	0
gga-miR-1681	0	0	0	0	0	0	0	0	0	0	0	0
gga-miR-1643	0	0	0	0	0	0	0	0	1	0	0	0
gga-miR-1694	0	0	0	0	1	1	0	0	0	0	0	0
gga-miR-6580	0	0	0	0	0	0	0	0	0	0	0	0
gga-miR-138	1209	501	1417	3744	1609	3124	1513	1730	936	234	1315	1444
gga-miR-7466	0	0	0	0	0	0	0	0	0	0	0	0
gga-miR-20b	4262	1906	6715	9570	7202	8155	8514	7353	3446	2408	5009	4686
gga-miR-7440	0	0	0	0	0	0	0	0	0	0	0	0
gga-miR-1784	41	9	65	12	53	29	29	24	8	4	18	61
gga-miR-7454	0	0	0	0	0	0	0	0	0	0	0	0
gga-miR-1796	0	0	0	0	0	0	0	0	0	0	0	0
gga-miR-6618	0	0	0	0	0	0	0	0	0	0	0	0
gga-miR-1456	21	6	81	234	37	85	25	48	53	29	103	68
gga-miR-21	35	18	47	21	43	40	78	38	11	21	20	52
gga-miR-302a	0	0	0	0	0	0	0	0	0	0	0	0
gga-miR-26a	97	25	74	173	73	56	82	36	36	19	63	52
gga-miR-6640	0	0	0	0	0	0	0	0	0	0	0	0
gga-miR-181b-1	1	0	1	0	3	1	0	0	0	0	1	0
gga-miR-33	1	0	0	0	1	0	0	0	0	0	0	0
gga-miR-6659	0	0	0	0	0	0	0	0	0	0	0	0
gga-miR-30c-2	7	5	9	3	11	3	7	9	4	3	3	14
gga-miR-6579	1	0	0	2	0	2	0	2	2	0	1	0
gga-miR-1759	0	0	0	0	0	0	0	0	0	0	0	0
gga-miR-187	234	38	252	1387	286	255	255	499	175	39	142	274
gga-miR-1622	0	0	0	0	0	0	0	0	0	0	0	0
gga-miR-222a	789	274	729	1543	870	751	1182	894	526	187	784	498
gga-miR-6572	0	0	0	0	0	0	0	0	0	0	0	0
gga-miR-6639	0	0	0	0	0	0	0	0	0	0	0	0
gga-miR-7443	0	0	0	2	0	0	0	0	0	0	0	0
gga-miR-6637	0	0	0	0	0	0	0	0	0	0	0	0
gga-miR-7448	0	0	0	0	0	0	0	0	0	0	0	0
gga-miR-1746	0	0	1	5	0	1	0	0	1	0	0	0
gga-miR-1811	0	0	0	0	0	0	0	0	0	0	0	0
gga-miR-1736	3	0	1	10	1	3	5	2	1	0	0	0
gga-miR-1649	3	0	2	3	7	0	1	1	0	0	1	1
gga-miR-1648	0	0	0	0	0	0	0	0	0	0	0	0
gga-miR-1766	0	0	0	0	0	0	0	0	0	0	0	0
gga-miR-1656	4	0	1	3	6	3	1	1	2	0	2	2
gga-miR-6569	0	0	0	0	0	0	0	0	0	0	0	0
gga-miR-6627	0	0	0	0	0	0	0	0	0	0	0	0
gga-miR-130b	4935	1989	6686	33561	5960	7439	7235	10643	4522	975	4049	4366
gga-miR-1736	4	0	2	7	3	9	4	1	1	0	2	4
gga-miR-1758	0	0	0	0	0	0	0	0	0	0	0	0
gga-miR-6574	0	0	0	0	0	0	0	0	0	0	0	0
gga-miR-3530	5	2	6	18	8	25	8	8	1	5	3	3
gga-miR-1600	0	0	0	0	0	0	0	0	0	0	0	0
gga-miR-103	19555	6976	21880	55414	19944	29773	17169	21346	9319	4489	19396	22668
gga-miR-6601	0	0	0	0	0	0	0	0	0	0	0	0
gga-miR-6608	1	0	11	11	3	0	1	6	0	0	0	0
gga-miR-1585	4	11	41	49	27	19	27	21	13	6	5	37
gga-miR-1772	0	0	0	0	1	1	0	0	1	0	0	0
gga-miR-1618	0	0	0	1	0	0	0	0	0	0	0	0
gga-miR-1454	153	40	120	124	212	263	237	108	83	60	69	114
gga-miR-217	27	10	40	63	32	76	63	54	30	5	12	28
gga-miR-1791	31	6	21	43	41	33	23	18	15	2	34	23
gga-miR-1637	0	0	0	0	0	0	0	0	0	0	0	0
gga-miR-135b	0	0	0	0	0	0	0	0	0	0	0	0
gga-miR-138-1	0	0	0	0	0	0	0	0	0	0	1	0
gga-miR-7453	0	0	0	0	0	0	0	0	0	0	0	0
gga-miR-1568	0	0	0	0	0	0	0	0	0	0	0	0
gga-miR-146a	179	89	331	465	231	421	531	261	113	100	129	123
gga-miR-7441	0	0	0	0	0	0	0	0	0	0	0	0
gga-miR-1459	0	0	0	0	0	0	0	0	0	0	0	0
gga-miR-144	311	132	273	197	641	375	223	374	205	351	1022	311
gga-miR-6604	0	1	0	0	1	2	0	0	0	0	0	0
gga-miR-6606	0	2	22	56	0	0	16	58	0	0	0	8
gga-miR-490	0	0	1	0	0	0	0	1	1	0	0	0
gga-miR-2126	0	0	0	0	0	0	0	0	0	0	0	0
gga-miR-6699	0	0	0	1	0	0	0	1	0	0	0	0
gga-miR-1781	3	4	8	11	11	11	12	6	4	4	12	6
gga-miR-1775	0	0	0	0	0	0	1	0	1	0	0	0
gga-miR-458a	1	0	3	1	1	1	1	2	0	0	2	2
gga-miR-6668	0	0	0	2	0	0	0	0	0	0	0	0
gga-miR-6593	0	0	0	0	0	0	0	0	0	0	0	0
gga-miR-1464	1	0	1	2	0	0	0	0	0	0	0	1
gga-miR-1809	0	0	0	0	0	0	0	0	0	0	0	0
gga-miR-6591	0	0	0	0	0	0	0	0	0	0	0	0
gga-miR-1560	0	2	4	8	5	3	2	5	1	0	6	2
gga-miR-7468	0	0	0	0	0	0	0	0	0	0	0	0
gga-miR-1685	11	0	8	17	19	25	8	14	4	4	7	16
gga-miR-135a-2	1212	264	962	2597	979	1626	700	749	401	266	691	764
gga-miR-1697	0	0	0	0	0	0	0	0	0	0	0	0
gga-miR-1563	16	3	7	33	37	34	28	9	13	3	10	2
gga-miR-1618	1	0	4	0	1	0	0	0	0	0	0	0
gga-miR-202	0	0	0	0	0	0	0	0	0	0	0	0
gga-miR-6623	53	2	20	30	45	44	22	26	11	6	8	31
gga-miR-6651	0	0	0	1	0	1	1	3	4	1	1	0
gga-miR-6675	0	0	0	0	2	0	0	2	0	0	1	0
gga-miR-1640	0	0	0	0	0	0	0	0	0	0	0	0
gga-miR-29a	1	0	1	1	0	1	4	0	0	0	1	0
gga-miR-6628	0	0	0	0	0	0	0	0	0	0	0	0
gga-miR-1718	0	0	0	0	0	0	0	0	0	0	0	0
gga-miR-1672	0	1	5	18	1	3	2	6	1	0	5	7
gga-miR-1770	0	0	0	0	0	0	0	0	0	0	0	0
gga-miR-1562	0	0	0	0	0	0	0	0	0	0	0	0
gga-miR-2188	29	3	7	29	17	35	21	7	9	11	25	8
gga-miR-6605	0	0	0	0	0	0	0	0	0	0	0	0
gga-miR-6644	0	0	0	0	0	0	0	0	0	0	0	0
gga-miR-1695	2	0	2	4	0	0	2	0	2	0	2	1
gga-miR-1677	403	76	673	820	718	806	326	477	91	79	377	360
gga-miR-6557	0	0	0	0	0	1	0	0	1	0	0	0
gga-miR-6556	0	0	0	0	0	0	0	0	0	0	0	0
gga-miR-6573	0	0	0	0	0	0	0	0	0	0	0	0
gga-miR-6609	1	0	0	0	0	0	0	0	0	0	0	0
gga-miR-7439	0	0	0	0	0	0	0	0	0	0	0	0
gga-miR-6641	0	0	0	0	0	0	0	0	0	0	0	0
gga-miR-22	1664	488	1352	1505	2092	2097	1341	1464	845	1055	1692	1631
gga-miR-7463	0	0	0	3	0	0	0	0	0	0	0	0
gga-miR-1614	0	0	0	0	0	0	0	0	0	0	0	0
gga-miR-92	25	6	35	97	33	34	31	32	15	9	23	33
gga-miR-193a	115	74	362	958	192	133	169	268	180	31	115	316
gga-miR-223	10940	4180	13476	53642	16830	7600	30461	25810	10223	1783	5069	7841
gga-miR-219a	8	4	5	0	2	3	5	7	2	4	11	1
gga-miR-1711	0	0	0	0	0	0	0	0	0	0	0	0
gga-miR-1654	0	0	0	0	0	1	0	1	0	0	0	0
gga-miR-1a-2	1	0	0	1	4	1	0	0	7	0	0	0
gga-miR-7454	0	0	0	0	0	0	0	0	0	0	0	0
gga-miR-7456	0	0	0	0	0	0	0	0	0	0	0	0
gga-miR-1306	15	7	60	141	41	38	50	76	24	9	23	42
gga-miR-196-2	0	0	0	0	0	0	0	0	0	0	0	0
gga-miR-31	11	7	18	25	24	18	41	34	14	0	17	16
gga-miR-301b	4778	1545	2651	6550	6318	5192	4577	5043	2871	1153	3248	2688
gga-miR-7483	0	0	0	0	0	0	0	0	0	0	0	0
gga-miR-1615	0	0	0	0	0	0	0	0	0	0	0	0
gga-miR-217	0	0	0	0	0	2	0	0	1	0	0	0
gga-miR-7457	0	0	0	0	0	0	0	0	0	0	0	0
gga-miR-1815	0	0	0	0	0	0	0	0	0	0	0	0
gga-miR-3525	75	22	95	142	109	204	32	66	35	29	85	69
gga-miR-6676	0	0	0	0	0	0	0	0	0	0	0	0
gga-miR-1761	0	0	0	0	0	0	0	0	0	0	0	0
gga-miR-6711	0	0	0	0	0	0	0	0	0	0	0	0
gga-miR-6594	0	0	0	0	0	0	0	0	0	0	0	0
gga-miR-6590	0	0	0	0	0	0	0	0	0	0	0	1
gga-miR-6619	0	0	0	0	0	0	0	0	0	0	0	0
gga-miR-1453	0	0	0	3	1	0	2	1	0	0	0	0
gga-miR-1590	0	0	0	0	0	1	1	0	0	0	0	0
gga-miR-1466	0	0	0	0	0	0	0	0	0	0	0	0
gga-miR-302b	0	0	0	0	0	0	0	0	0	0	0	0
gga-miR-1759	0	0	0	0	0	0	0	0	1	0	0	0
gga-miR-1660	0	0	0	0	0	0	0	0	0	0	0	0
gga-miR-1791	3	0	5	7	3	1	0	2	2	1	3	2
gga-let-7a	0	0	0	0	0	0	0	0	0	0	0	0
gga-miR-3536	3	1	5	8	9	5	11	8	3	3	2	5
gga-miR-301a	6254	1745	4580	6488	7305	8164	5206	7103	3237	1511	4470	4574
gga-miR-6546	0	0	2	0	0	0	0	0	2	0	0	1
gga-miR-6587	1	0	0	1	0	0	0	0	0	0	0	0
gga-miR-133a	6	0	7	8	6	6	9	12	33	1	4	10
gga-miR-7462	8	3	1	9	12	10	6	12	6	0	1	1
gga-miR-757	0	0	0	0	0	0	0	0	0	0	0	0
gga-miR-499	0	0	0	0	1	2	1	0	8	0	2	0
gga-miR-1397	14	1	14	22	11	29	11	11	3	5	13	10
gga-miR-1416	4770	1250	3633	10451	4130	8595	3513	4861	2673	552	2568	2409
gga-miR-1797	0	0	0	0	0	0	0	0	0	0	0	0
gga-miR-214	0	0	0	0	0	0	0	0	0	0	0	0
gga-miR-3594	1	0	0	0	0	0	0	0	0	0	0	0
gga-miR-106	259	61	270	600	324	509	387	318	140	83	309	207
gga-miR-1657	0	0	0	0	0	0	0	0	0	0	0	0
gga-miR-7472	8	5	10	36	20	23	9	13	5	0	13	6
gga-miR-1754	0	0	0	0	0	0	0	0	0	0	0	0
gga-miR-1651	1	0	1	2	0	0	0	0	1	0	0	0
gga-miR-1646	0	0	0	0	0	0	0	0	0	0	0	0
gga-miR-196-1	0	0	0	0	0	0	0	0	0	0	0	0
gga-miR-6671	0	0	4	2	1	5	0	2	0	0	2	1
gga-miR-1717	0	0	0	0	0	0	0	0	1	0	0	0
gga-miR-6566	1	1	2	4	2	6	1	0	0	2	0	1
gga-miR-7468	0	0	0	0	0	0	0	0	0	0	0	0
gga-miR-1726	0	0	0	0	0	0	0	0	0	0	0	0
gga-miR-7460	0	0	0	1	0	0	0	0	0	0	0	0
gga-miR-1329	517	121	297	548	682	715	252	379	244	223	500	331
gga-miR-1611	0	0	0	0	0	0	0	0	0	0	0	0
gga-miR-1805	0	0	0	0	0	0	1	0	0	0	0	0
gga-miR-29b-2	118	68	274	384	240	468	145	259	80	39	226	304
gga-miR-1805	24	12	12	8	19	15	5	10	4	9	17	23
gga-miR-1692	1	0	0	2	0	1	0	1	0	0	0	0
gga-miR-1636	1	0	1	0	0	0	0	0	0	0	1	0
gga-miR-7	245094	42195	114888	135669	176021	227960	154573	121907	69303	9641	43976	146144
gga-miR-19b	40018	18196	45386	45170	39193	38411	44042	35913	20952	10773	29574	46928
gga-miR-6672	0	0	0	0	0	0	0	0	0	0	0	0
gga-miR-7481	0	0	0	0	0	0	0	0	0	0	0	0
gga-miR-1a-1	3	1	1	1	3	0	1	0	8	0	0	1
gga-miR-1552	247	91	515	1139	436	495	361	550	188	71	247	318
gga-miR-1551	5	2	1	1	5	10	2	2	0	0	1	3
gga-miR-454	0	0	2	6	1	3	1	5	0	0	0	0
gga-miR-103-1	1	2	4	3	2	0	2	7	3	0	5	1
gga-miR-1744	0	2	4	13	20	13	25	7	3	7	8	14
gga-miR-6564	0	0	0	1	0	0	0	0	0	0	0	0
gga-miR-30a	129	73	183	134	139	144	92	91	40	58	74	99
gga-miR-1673	0	0	0	2	0	0	0	0	0	0	0	0
gga-miR-23b	3	0	2	1	1	2	0	0	1	0	1	2
gga-miR-92	2549	509	3053	4374	4757	6458	3628	3785	947	965	2819	2735
gga-let-7f	75911	14639	54596	72344	88280	98327	51912	49579	22374	18424	37260	52140
gga-miR-1737	1	1	7	13	3	2	1	6	4	1	7	2
gga-miR-551	308	258	665	1048	1004	883	1114	1478	213	98	230	356
gga-miR-6560	0	0	0	0	0	0	0	0	0	0	0	0
gga-miR-6612	7	4	8	0	0	0	23	14	14	2	22	0
gga-miR-1599	0	0	0	0	0	0	0	0	0	0	0	0
gga-miR-6657	1	0	2	5	0	2	5	1	1	2	0	0
gga-miR-7473	0	0	0	0	0	0	0	0	0	0	0	0
gga-miR-1676	0	0	0	0	0	0	1	0	0	0	0	0
gga-miR-7450	0	0	0	0	0	0	0	0	0	0	0	0
gga-miR-142	5575	3840	11317	20650	10361	6821	34844	9130	7623	5650	2378	4240
gga-miR-1452	0	1	0	0	1	3	0	1	0	0	1	0
gga-miR-1671	0	0	0	0	0	0	0	0	0	0	0	0
gga-miR-6625	0	0	0	0	0	0	0	0	0	0	0	0
gga-miR-7452	1	0	0	0	1	0	0	1	0	0	0	0
gga-miR-1451	17	12	26	71	32	49	36	21	15	13	20	20
gga-miR-6700	0	0	0	0	0	0	0	0	0	0	0	0
gga-miR-107	1443	738	2030	3513	1555	1727	1227	1591	536	438	1463	1753
gga-miR-3531	7	6	17	35	12	7	4	17	6	2	13	14
gga-miR-7453	0	0	0	0	0	0	0	0	0	0	0	0
gga-miR-1769	0	0	3	2	0	11	4	1	0	0	0	0
gga-miR-6586	0	2	0	0	0	4	0	3	1	0	2	0
gga-miR-1581	0	0	0	0	0	0	0	0	0	0	0	0
gga-miR-6622	0	0	0	0	0	0	0	0	0	0	0	0
gga-miR-124a	0	0	0	0	0	0	0	0	0	0	0	0
gga-miR-7438	0	0	0	0	0	0	0	0	0	0	0	0
gga-miR-181b-2	18	2	12	6	16	13	4	6	2	7	9	9
gga-miR-1773	0	0	0	0	0	0	0	0	0	0	0	0
gga-miR-6703	0	0	0	0	0	0	0	0	0	0	0	0
gga-miR-1683	0	0	0	0	0	0	0	0	0	0	0	1
gga-miR-3526	1	1	0	1	12	0	1	1	3	15	1	0
gga-miR-1587	0	0	0	0	0	0	0	0	0	0	0	0
gga-miR-3530	11	7	13	49	16	20	22	18	7	1	17	9
gga-miR-1678	0	0	0	0	0	0	0	0	1	0	0	0
gga-miR-1730	0	0	0	0	0	0	0	0	0	0	0	0
gga-miR-1708	1	0	1	2	0	0	0	0	0	0	0	0
gga-miR-6620	0	0	0	0	0	0	0	0	0	0	0	0
gga-miR-29a	4272	1615	6943	3199	5420	9713	4552	2876	1110	1881	4751	7643
gga-miR-6581	0	0	0	0	0	0	0	0	0	0	0	0
gga-miR-6624	0	0	0	0	0	0	0	0	0	0	0	0
gga-miR-1306	11	1	12	23	7	9	6	9	1	1	8	11
gga-miR-142	637	569	1649	3351	1763	717	4859	1418	696	816	437	525
gga-miR-7447	0	0	0	0	1	0	0	0	0	0	0	0
gga-miR-6677	0	0	1	5	0	0	0	0	0	1	0	1
gga-miR-1764	5	1	4	12	3	8	4	9	0	2	2	5
gga-miR-458a	404	304	409	725	1314	377	321	755	245	233	369	224
gga-miR-2127	0	0	0	0	0	0	0	0	0	0	0	0
gga-miR-26a	50769	30045	92617	165201	72932	131379	60745	83043	29073	16709	43590	75855
gga-miR-6669	0	0	0	0	0	0	0	0	0	0	0	0
gga-miR-7444	0	0	0	0	0	0	0	2	0	0	6	0
gga-miR-18b	2544	732	2228	1982	3124	3077	4363	2348	1409	1088	2251	1866
gga-miR-15b	0	0	0	0	0	0	0	0	0	0	0	0
gga-miR-3537	0	0	0	0	0	0	0	0	0	0	0	0
gga-miR-1553	0	0	0	0	0	0	0	0	0	0	0	0
gga-miR-216c	0	0	2	0	0	1	0	0	0	0	1	0
gga-miR-6714	0	0	0	0	0	0	0	0	0	0	0	0
gga-miR-6633	0	0	0	0	0	0	0	0	0	0	0	0
gga-miR-2131	118	13	61	170	138	250	57	56	47	30	142	58
gga-miR-6629	0	0	0	0	0	0	0	0	0	0	0	0
gga-miR-1625	0	0	2	2	0	1	3	1	1	1	0	1
gga-miR-33	1593	357	1513	609	1948	2492	1377	1252	527	840	1628	1623
gga-miR-3534	0	0	1	6	2	1	0	2	0	0	1	2
gga-miR-7465	0	0	0	0	0	0	0	0	0	0	0	0
gga-miR-133c	0	0	0	0	0	0	0	0	0	0	0	0
gga-miR-7451	0	2	2	4	0	1	2	2	2	2	0	2
gga-miR-1803	1	0	3	12	3	3	1	5	2	0	2	2
gga-miR-6708	0	0	0	0	3	0	0	0	0	0	0	0
gga-miR-6568	3	1	12	10	3	5	5	8	3	3	2	5
gga-miR-1775	0	0	0	2	0	0	0	1	0	0	0	0
gga-miR-7440	0	0	0	0	0	0	0	0	0	0	0	0
gga-miR-7480	0	0	0	0	0	0	0	0	0	0	0	0
gga-miR-1757	0	0	0	0	0	0	0	0	0	0	0	0
gga-miR-219b	230	138	408	1323	306	354	446	491	265	87	249	228
gga-miR-7478	0	0	0	0	0	0	0	0	0	0	0	0
gga-miR-133a	30	9	24	32	35	13	42	69	430	9	57	20
gga-miR-1780	0	0	0	0	0	0	0	0	0	0	0	0
gga-miR-6648	0	0	0	0	0	0	0	0	0	0	0	0
gga-miR-1631	0	0	0	0	0	0	0	0	0	0	0	0
gga-miR-125b	445226	215405	667416	1101114	533291	502867	451956	435524	182163	43757	233546	444076
gga-miR-6554	0	0	0	0	0	0	0	0	0	0	0	0
gga-miR-1572	8	1	7	15	6	12	10	5	3	4	2	5
gga-miR-29b-1	35	8	45	47	44	50	19	32	9	6	27	20
gga-miR-1793	0	0	0	0	0	0	0	0	0	0	0	0
gga-miR-3064	0	0	0	0	0	0	0	0	0	0	0	0
gga-miR-6679	0	0	0	0	0	0	0	0	0	0	0	0
gga-miR-27b	14	7	29	40	23	28	17	18	15	4	19	19
gga-miR-9	80	12	228	29	60	83	4	30	8	36	28	181
gga-miR-1812	0	0	0	0	0	0	0	0	0	0	0	0
gga-miR-1663	0	0	0	0	0	0	0	0	0	0	0	0
gga-miR-23b	10295	2365	6585	15772	10291	19592	5243	4995	2916	3529	12622	6512
gga-miR-6615	0	1	4	9	4	2	1	2	3	1	0	1
gga-miR-1704	0	0	0	0	0	0	0	0	0	0	0	0
gga-miR-1666	0	0	0	0	0	0	0	1	0	0	0	0
gga-miR-456	268	48	240	341	258	389	181	217	64	46	125	178
gga-miR-1633	0	0	0	0	0	0	1	0	0	0	0	0
gga-miR-1591	0	0	0	0	0	0	0	2	0	0	0	0
gga-miR-6558	0	0	0	0	0	0	0	0	0	0	0	0
gga-miR-6549	0	0	0	0	0	0	0	0	0	0	0	0
gga-miR-6516	4	0	2	2	5	7	0	5	1	3	4	2
gga-miR-1721	0	0	0	0	0	0	0	0	0	0	0	0
gga-miR-218	1	0	4	3	4	3	3	3	1	0	2	2
gga-miR-30c-1	145	55	241	609	208	192	212	235	126	56	97	201
gga-miR-6547	0	0	0	0	0	0	0	0	0	0	0	0
gga-miR-7444	0	0	0	0	0	0	0	0	0	0	0	0
gga-miR-1714	0	0	0	0	0	0	0	0	0	0	0	0
gga-miR-1756b	0	0	0	0	0	0	0	0	0	0	0	0
gga-miR-6687	0	0	0	0	0	0	0	0	0	0	0	0
gga-miR-6580	0	0	0	0	0	0	0	0	0	0	0	0
gga-miR-6548	84	30	47	311	69	68	95	34	39	10	57	47
gga-miR-22	297	123	204	120	368	205	235	165	85	79	143	247
gga-miR-1616	0	0	0	0	0	0	0	0	0	0	0	0
gga-miR-16	12118	3389	11927	34981	21634	21543	17299	16574	8274	5887	12705	10680
gga-miR-125b	963	329	971	1417	1232	1459	934	864	468	180	816	864
gga-miR-1b	1	0	0	1	1	0	0	0	0	0	0	0
gga-miR-1641	0	1	2	1	1	6	2	2	0	0	0	3
gga-miR-6577	0	0	0	0	0	0	0	0	0	0	0	0
gga-miR-6575	0	0	0	0	0	0	0	0	0	0	0	0
gga-miR-24	14148	5734	15368	25638	21355	27803	16372	17521	9636	5089	19500	16516
gga-miR-1801	1	0	0	0	0	0	0	0	0	0	0	0
gga-miR-6688	0	0	0	0	0	0	0	0	0	0	0	0
gga-miR-6660	0	0	1	6	0	0	0	1	0	1	1	1
gga-miR-6701	1	0	1	0	0	0	1	0	0	0	0	1
gga-miR-103-2	5	1	2	2	2	5	2	2	1	2	3	2
gga-miR-187	26978	5184	21401	34601	30534	32535	19306	27286	11733	4140	24043	22462
gga-miR-2131	1745	409	1060	5332	2081	3264	1659	1442	1552	405	1855	989
gga-miR-3594	1	0	2	0	0	0	0	0	0	0	0	0
gga-miR-7437	0	0	0	0	0	0	0	0	0	0	0	0
gga-miR-6704	0	0	0	0	0	0	0	0	0	0	0	0
gga-miR-184	294	125	305	1840	422	2266	571	492	973	101	289	307
gga-miR-1578	0	0	0	0	0	0	0	0	0	0	0	1
gga-miR-221	1469	608	1510	2131	1604	1507	2364	1582	742	486	1368	980
gga-miR-1610	0	0	2	0	0	0	0	0	1	0	0	0
gga-miR-1602	1	1	1	35	3	5	10	9	6	0	2	1
gga-miR-16-2	0	1	2	1	1	3	7	2	0	1	2	0
gga-miR-456	0	0	0	0	0	0	0	0	0	0	0	0
gga-miR-17	16048	8166	18968	35126	24521	29215	22571	18492	9212	6398	16392	16515
gga-miR-1586	0	0	0	0	0	0	0	0	0	0	0	0
gga-miR-7446	0	0	0	0	0	0	0	0	0	0	0	0
gga-miR-181a	18616	7392	34782	36647	15668	22073	17614	21545	11760	4998	20364	32415
gga-miR-490	6	0	1	5	4	2	5	8	3	0	7	9
gga-miR-6573	0	1	0	0	0	0	0	0	0	0	0	0
gga-miR-7471	0	0	0	0	0	0	0	0	0	0	0	0
gga-miR-6596	0	0	0	0	0	0	0	0	0	0	0	0
gga-miR-6630	0	0	0	0	0	0	0	0	0	0	0	0
gga-miR-17	2225	658	1627	2648	2760	2872	2094	1638	712	640	1995	1903
gga-miR-7459	0	0	0	0	0	0	0	0	0	0	0	0
gga-miR-1598	0	0	0	0	0	0	0	0	0	0	0	0
gga-miR-3535	6	1	0	0	6	4	2	1	2	0	5	1
gga-miR-3540	1	2	4	1	2	5	1	1	1	0	0	3
gga-let-7f	49	22	75	101	94	189	44	46	7	21	76	57
gga-miR-101-1	1	0	2	3	6	1	4	4	2	0	1	2
gga-miR-6645	9	0	4	17	4	0	1	8	2	0	4	9
gga-miR-7467	3	2	5	23	15	4	9	5	0	0	8	5
gga-miR-301a	1	0	0	3	1	1	0	1	0	6	3	2
gga-miR-6545	0	0	0	0	0	0	0	0	0	0	0	0
gga-miR-1624	0	0	1	0	0	0	0	0	0	0	0	0
gga-miR-1787	0	0	0	0	0	0	0	0	0	0	0	0
gga-miR-1623	0	0	1	2	0	1	0	0	0	0	0	0
gga-miR-146b	0	0	0	0	0	0	0	0	0	0	0	0
gga-miR-6647	0	0	0	0	0	0	0	0	0	0	0	0
gga-let-7k	0	0	0	0	0	0	0	0	0	0	0	0
gga-miR-6599	0	0	0	0	1	0	0	2	0	0	1	0
gga-miR-1786	5	0	2	1	4	1	3	1	0	1	1	2
gga-miR-7451	0	0	0	0	0	0	0	0	0	0	0	0
gga-miR-1579	0	0	1	0	0	0	1	0	0	2	0	0
gga-miR-126	65236	15523	32077	126861	56907	64055	54768	52934	36607	15139	50643	29174
gga-miR-1595	0	0	2	4	0	0	0	0	0	0	1	0
gga-miR-455	2586	429	1606	2950	2570	3118	1343	1320	1179	541	1928	1707
gga-miR-3524b	0	0	0	0	0	0	0	0	0	0	0	0
gga-miR-6682	0	0	0	0	0	0	0	0	0	0	0	0
gga-miR-1765	0	0	0	0	0	0	0	0	0	0	0	0
gga-miR-451	4719	5984	10291	26857	7703	7263	13155	17155	14573	3107	17148	15458
gga-miR-1707	0	0	0	0	1	1	0	0	0	0	0	3
gga-miR-1705	0	1	0	1	1	0	0	0	0	0	0	0
gga-miR-6648	1	0	1	0	1	0	2	1	1	0	2	1
gga-miR-1643	0	0	0	0	0	0	0	0	0	0	0	0
gga-miR-1573	5	0	1	17	2	8	2	9	0	0	2	4
gga-miR-1735	0	0	0	0	0	0	0	0	0	0	0	0
gga-miR-1589	0	0	0	0	0	0	0	0	0	0	0	0
gga-miR-6597	0	0	0	0	0	0	0	0	0	0	0	0
gga-miR-1658	0	0	0	0	0	0	0	0	0	0	0	0
gga-let-7c	27313	4875	32528	50716	42055	62647	18109	34614	11432	8877	21995	22690
gga-miR-1790	0	0	0	0	0	0	0	0	0	0	0	0
gga-miR-7455	0	0	0	1	0	0	0	0	0	0	0	0
gga-miR-1680	0	0	0	0	0	0	0	0	0	0	0	0
gga-miR-1658	0	0	0	0	0	0	0	0	0	0	0	0
gga-miR-215	46	6	35	86	59	75	43	66	54	15	47	26
gga-miR-206	23	4	18	162	31	139	24	32	179	10	37	13
gga-miR-6678	0	0	0	0	0	0	0	0	0	0	0	0
gga-let-7b	19450	3324	25934	50126	25442	57745	15156	24540	7710	4287	16344	15781
gga-miR-16-1	2	2	4	8	7	6	6	3	1	0	9	2
gga-miR-2188	1911	1450	3730	12165	5158	7384	3177	5835	1630	481	5632	5226
gga-miR-6567	0	0	0	0	0	0	0	0	0	0	0	0
gga-miR-128	12061	3492	6334	5049	17269	11301	9026	5874	2788	2569	5450	7760
gga-miR-6581	0	0	0	0	0	0	0	0	0	0	0	0
gga-miR-7452	0	0	0	0	0	0	0	0	0	0	0	0
gga-miR-7478	0	0	0	0	0	0	0	0	0	0	0	0
gga-miR-183	214580	50006	156365	277269	231687	335637	149003	145010	63276	42183	166967	171325
gga-miR-221	35	19	36	20	73	43	42	30	14	25	52	30
gga-let-7a	0	0	0	0	0	0	0	0	0	0	0	0
gga-miR-6598	0	0	0	0	0	0	0	0	0	0	0	0
gga-miR-6700	0	0	0	0	0	0	0	0	0	0	0	0
gga-miR-32	1	0	1	0	2	0	0	0	0	0	0	0
gga-miR-6621	0	0	0	0	0	0	0	0	0	0	0	0
gga-miR-222b	344	377	1152	1532	913	1066	2706	540	195	444	374	353
gga-miR-7458	0	0	0	0	0	0	0	0	0	0	0	0
gga-miR-1693	0	0	0	0	0	0	0	0	0	0	0	0
gga-miR-146a	51	17	39	30	62	27	86	32	9	1	6	18
gga-miR-147	176	79	109	142	259	153	605	127	87	25	51	69
gga-miR-1626	0	0	0	1	0	0	0	1	0	0	0	0
gga-miR-1665	0	0	0	0	1	0	0	0	0	0	0	0
gga-miR-6695	0	0	1	3	1	1	1	0	0	0	0	0
gga-miR-7456	0	0	0	0	0	0	0	0	0	0	0	0
gga-miR-6641	0	0	0	0	0	0	0	0	0	0	0	0
gga-miR-6669	1	1	0	1	0	1	0	0	0	1	1	1
gga-miR-1728	0	0	1	0	0	2	0	0	0	0	0	1
gga-miR-15a	14295	2926	5229	5429	13707	7676	10119	5947	4178	4425	7965	6191
gga-miR-10a	35	22	17	31	25	24	49	37	15	11	25	26
gga-miR-1802	0	0	0	0	0	0	0	0	0	0	0	0
gga-miR-6667	0	0	0	0	0	0	0	0	0	0	0	0
gga-miR-1716	0	0	0	2	0	0	0	0	0	0	0	3
gga-miR-135a-1	156	50	177	150	185	296	118	134	52	48	131	164
gga-miR-6705	0	0	0	4	0	0	0	0	0	0	0	0
gga-miR-6663	13	0	16	35	21	4	3	4	3	5	8	6
gga-miR-6584	0	0	0	0	0	0	0	0	0	0	0	0